74 40 415
74 0 506
76 40 561
76 0 636
77 40 754
77 0 840
76 40 922
76 0 1010
77 40 1110
77 0 1194
79 40 1281
79 0 1368
77 40 1476
77 0 1552
79 40 1628
79 0 1709
81 40 1801
81 0 1887
79 40 1987
79 0 2060
77 40 2147
77 0 2220
79 40 2305
79 0 2387
77 40 2479
77 0 2545
76 40 2630
76 0 2715
77 40 2816
77 0 2900
76 40 2977
76 0 3076
74 40 3167
74 0 3264
76 40 3330
76 0 3414
77 40 3511
77 0 3598
76 40 3690
76 0 3777
77 40 3867
77 0 3946
79 40 4025
79 0 4114
77 40 4200
77 0 4276
79 40 4365
79 0 4444
81 40 4520
81 0 4621
79 40 4707
79 0 4796
77 40 4885
77 0 4958
79 40 5041
79 0 5134
77 40 5228
77 0 5314
76 40 5393
76 0 5476
77 40 5565
77 0 5671
76 40 5740
76 0 5843
74 40 5912
74 0 6020
76 40 6077
76 0 6164
77 40 6243
77 0 6341
76 40 6418
76 0 6514
77 40 6607
77 0 6710
79 40 6786
79 0 6881
77 40 6955
77 0 7044
79 40 7111
79 0 7215
81 40 7283
81 0 7394
79 40 7464
79 0 7563
77 40 7621
77 0 7710
79 40 7800
79 0 7903
77 40 7991
77 0 8072
76 40 8142
76 0 8229
77 40 8317
77 0 8425
76 40 8485
76 0 8612
74 40 8663
74 0 8771
76 40 8834
76 0 8925
77 40 8998
77 0 9102
76 40 9186
76 0 9291
77 40 9359
77 0 9452
79 40 9523
79 0 9614
77 40 9684
77 0 9769
79 40 9849
79 0 9940
81 40 10015
81 0 10124
79 40 10202
79 0 10294
77 40 10369
77 0 10458
79 40 10543
79 0 10640
77 40 10723
77 0 10816
76 40 10876
76 0 10983
77 40 11058
77 0 11176
76 40 11223
76 0 11340
74 40 11402
74 0 11506
76 40 11571
76 0 11666
77 40 11747
77 0 11841
76 40 11923
76 0 12012
77 40 12092
77 0 12190
79 40 12258
79 0 12369
77 40 12439
77 0 12538
79 40 12608
79 0 12710
81 40 12784
81 0 12903
79 40 12959
79 0 13067
77 40 13100
77 0 13198
79 40 13287
79 0 13389
77 40 13459
77 0 13552
76 40 13624
76 0 13719
77 40 13790
77 0 13892
76 40 13970
76 0 14087
74 40 14149
74 0 14241
76 40 14311
76 0 14399
77 40 14480
77 0 14564
76 40 14673
76 0 14766
77 40 14841
77 0 14944
79 40 15014
79 0 15112
77 40 15185
77 0 15279
79 40 15348
79 0 15447
81 40 15524
81 0 15629
79 40 15712
79 0 15813
77 40 15862
77 0 15951
79 40 16042
79 0 16146
77 40 16238
77 0 16330
76 40 16377
76 0 16463
77 40 16559
77 0 16652
76 40 16708
76 0 16821
74 40 16890
50 40 16895
57 40 16902
74 0 16975
76 40 17061
76 0 17136
77 40 17246
77 0 17328
76 40 17400
76 0 17499
77 40 17581
77 0 17660
79 40 17750
79 0 17840
77 40 17929
77 0 18013
79 40 18101
79 0 18185
81 40 18257
81 0 18352
79 40 18443
79 0 18528
77 40 18597
77 0 18685
79 40 18773
79 0 18862
77 40 18947
77 0 19029
76 40 19099
76 0 19188
77 40 19268
77 0 19371
76 40 19454
76 0 19555
74 40 19635
55 40 19652
57 0 19654
48 40 19674
50 0 19699
74 0 19723
76 40 19786
76 0 19862
77 40 19973
77 0 20048
76 40 20131
76 0 20219
77 40 20315
77 0 20392
79 40 20485
79 0 20562
77 40 20670
77 0 20744
79 40 20830
79 0 20913
81 40 21005
81 0 21087
79 40 21173
79 0 21259
77 40 21347
77 0 21425
79 40 21505
79 0 21585
77 40 21683
77 0 21762
76 40 21883
76 0 21961
77 40 22051
77 0 22127
76 40 22209
76 0 22321
74 40 22378
48 0 22408
50 40 22415
57 40 22428
55 0 22435
74 0 22470
76 40 22578
76 0 22652
77 40 22754
77 0 22827
76 40 22909
76 0 22998
77 40 23081
77 0 23172
79 40 23253
79 0 23340
77 40 23397
77 0 23480
79 40 23570
79 0 23644
81 40 23740
81 0 23825
79 40 23908
79 0 23998
77 40 24077
77 0 24163
79 40 24242
79 0 24347
77 40 24428
77 0 24517
76 40 24596
76 0 24678
77 40 24777
77 0 24869
76 40 24967
76 0 25072
74 40 25120
55 40 25180
48 40 25195
57 0 25197
74 0 25211
50 0 25225
76 40 25317
76 0 25382
77 40 25484
77 0 25567
76 40 25646
76 0 25725
77 40 25802
77 0 25885
79 40 25982
79 0 26079
77 40 26140
77 0 26227
79 40 26330
79 0 26414
81 40 26488
81 0 26584
79 40 26673
79 0 26768
77 40 26810
77 0 26907
79 40 26999
79 0 27092
77 40 27158
77 0 27248
76 40 27333
76 0 27421
77 40 27499
77 0 27589
76 40 27677
76 0 27781
48 0 27833
74 40 27842
50 40 27857
57 40 27877
55 0 27892
74 0 27928
76 40 27992
76 0 28067
77 40 28177
77 0 28259
76 40 28374
76 0 28465
77 40 28551
77 0 28630
79 40 28725
79 0 28829
77 40 28901
77 0 28992
79 40 29072
79 0 29160
81 40 29239
81 0 29336
79 40 29425
79 0 29519
77 40 29579
77 0 29666
79 40 29752
79 0 29851
77 40 29918
77 0 30007
76 40 30096
76 0 30180
77 40 30258
77 0 30342
76 40 30429
76 0 30538
74 40 30596
55 40 30612
57 0 30621
48 40 30636
50 0 30656
74 0 30677
76 40 30749
76 0 30812
77 40 30916
77 0 30993
76 40 31100
76 0 31190
77 40 31279
77 0 31363
79 40 31438
79 0 31537
77 40 31624
77 0 31706
79 40 31792
79 0 31876
81 40 31974
81 0 32074
79 40 32158
79 0 32241
77 40 32326
77 0 32409
79 40 32506
79 0 32596
77 40 32659
77 0 32755
76 40 32804
76 0 32900
77 40 32988
77 0 33087
76 40 33155
76 0 33253
48 0 33302
74 40 33334
50 40 33339
57 40 33353
55 0 33383
74 0 33431
76 40 33527
76 0 33609
77 40 33705
77 0 33796
76 40 33859
76 0 33959
77 40 34045
77 0 34125
79 40 34202
79 0 34304
77 40 34377
77 0 34458
79 40 34545
79 0 34633
81 40 34711
81 0 34810
79 40 34887
79 0 34980
77 40 35044
77 0 35144
79 40 35227
79 0 35325
77 40 35411
77 0 35502
76 40 35599
76 0 35705
77 40 35788
77 0 35885
76 40 35921
76 0 36019
74 40 36094
55 40 36108
57 0 36113
48 40 36131
50 0 36146
74 0 36195
76 40 36288
76 0 36377
77 40 36464
77 0 36557
76 40 36618
76 0 36716
77 40 36797
77 0 36882
79 40 36969
79 0 37068
77 40 37141
77 0 37225
79 40 37319
79 0 37391
81 40 37468
81 0 37712
79 40 37815
79 0 38033
77 40 38150
77 0 38349
77 40 38470
77 0 38630
50 40 38842
74 40 38846
57 40 38858
48 0 38867
55 0 38873
57 0 40221
55 40 41596
72 40 41598
48 40 41603
50 0 41623
74 0 41625
48 0 44294
50 40 44313
74 40 44325
57 40 44339
72 0 44343
55 0 44353
55 40 47061
72 40 47067
50 0 47071
48 40 47074
57 0 47077
74 0 47092
48 0 49398
55 0 49404
72 0 49414
