50 40 0
57 40 12
57 0 2726
55 40 2730
48 40 2743
50 0 2765
48 0 5485
50 40 5486
57 40 5490
55 0 5505
50 0 8203
48 40 8210
55 40 8218
57 0 8228
48 0 10932
50 40 10939
57 40 10970
55 0 10979
48 40 13698
55 40 13702
57 0 13704
50 0 13734
48 0 16395
50 40 16423
57 40 16432
55 0 16466
48 40 19145
57 0 19161
50 0 19178
55 40 19180
48 0 21881
50 40 21899
57 40 21921
55 0 21954
48 40 24648
55 40 24660
57 0 24662
50 0 24685
50 40 27394
57 40 27409
48 0 27422
55 0 27440
55 40 30124
48 40 30135
57 0 30144
50 0 30166
50 40 32888
57 40 32892
55 0 32897
48 0 32913
55 40 35624
48 40 35628
57 0 35656
50 0 35671
50 40 38371
48 0 38372
57 40 38395
55 0 38405
48 40 41091
50 0 41124
55 40 41137
57 0 41156
48 0 43764
55 0 43836
