38 40 0
38 0 207
41 40 301
41 0 532
43 40 609
43 0 829
41 40 934
41 0 1029
36 40 1111
36 0 1280
38 40 1413
38 0 3641
38 40 3812
38 0 3960
38 40 4104
38 0 4338
36 40 4432
36 0 4687
41 40 4731
41 0 4851
38 40 4927
38 0 6507
38 40 6641
38 0 6934
41 40 6944
43 40 7248
41 0 7276
43 0 7558
41 40 7564
41 0 7676
36 40 7755
36 0 7942
38 40 8078
38 0 9345
38 40 9467
38 0 9624
38 40 9772
38 0 10030
36 40 10094
36 0 10400
41 40 10403
41 0 10507
38 40 10601
38 0 12131
38 40 12277
38 0 12597
41 40 12627
41 0 12857
43 40 12945
43 0 13164
41 40 13253
41 0 13363
36 40 13424
36 0 13609
38 40 13737
38 0 15017
38 40 15145
38 0 15300
38 40 15452
38 0 15687
36 40 15788
36 0 16035
41 40 16109
41 0 16222
38 40 16295
38 0 17813
38 40 17994
38 0 18244
41 40 18307
41 0 18515
43 40 18616
43 0 18829
41 40 18938
41 0 19042
36 40 19128
36 0 19310
38 40 19435
38 0 20696
38 40 20834
38 0 20974
38 40 21148
38 0 21309
36 40 21466
36 0 21534
36 40 21628
36 0 21697
41 40 21810
41 0 21871
38 40 21978
38 0 23516
38 40 23658
38 0 23970
41 40 23996
43 40 24302
41 0 24312
43 0 24581
41 40 24635
41 0 24723
36 40 24830
36 0 24976
38 40 25153
38 0 26368
38 40 26554
38 0 26689
38 40 26845
38 0 26997
36 40 27155
36 0 27238
36 40 27321
36 0 27398
41 40 27468
41 0 27553
41 40 27623
41 0 27702
38 40 27777
38 0 29189
38 40 29368
38 0 29603
41 40 29686
41 0 29891
43 40 29997
43 0 30229
41 40 30313
41 0 30426
36 40 30505
36 0 30662
38 40 30802
38 0 32068
38 40 32215
38 0 32338
38 40 32523
38 0 32697
36 40 32834
36 0 32915
36 40 33000
36 0 33074
41 40 33156
41 0 33235
38 40 33327
38 0 33366
38 40 33477
38 0 34858
38 40 35048
38 0 35252
41 40 35370
41 0 35557
43 40 35668
43 0 35872
41 40 35992
41 0 36076
36 40 36168
36 0 36297
38 40 36478
38 0 37741
38 40 37894
38 0 38009
38 40 38205
38 0 38353
36 40 38514
36 0 38591
36 40 38680
36 0 38738
41 40 38849
41 0 38924
41 40 39008
41 0 39082
38 40 39177
38 0 40992
