62 40 0
62 0 116
62 40 327
62 0 514
62 40 678
62 0 873
62 40 1032
62 0 1213
62 40 1371
62 0 1557
62 40 1710
62 0 1891
62 40 2052
62 0 2245
62 40 2401
62 0 2601
62 40 2726
62 0 2912
62 40 3094
62 0 3289
62 40 3448
62 0 3645
62 40 3798
62 0 3989
62 40 4138
62 0 4319
62 40 4489
62 0 4683
62 40 4827
62 0 5026
62 40 5170
62 0 5366
62 40 5516
62 0 5715
62 40 5857
62 0 6055
62 40 6195
62 0 6379
62 40 6559
62 0 6753
62 40 6878
62 0 7083
62 40 7227
62 0 7397
62 40 7583
62 0 7775
62 40 7911
62 0 8106
62 40 8245
62 0 8437
62 40 8600
62 0 8779
62 40 8940
62 0 9107
62 40 9262
62 0 9439
62 40 9591
62 0 9798
62 40 9940
62 0 10122
62 40 10290
62 0 10481
62 40 10640
62 0 10828
62 40 10991
62 0 11124
62 40 11327
62 0 11501
62 40 11666
62 0 11836
62 40 12012
62 0 12175
62 40 12343
62 0 12513
62 40 12681
62 0 12864
62 40 13034
62 0 13193
62 40 13373
62 0 13570
62 40 13709
62 0 13879
62 40 14056
62 0 14220
62 40 14394
62 0 14562
62 40 14743
62 0 14913
62 40 15076
62 0 15255
62 40 15416
62 0 15581
62 40 15755
62 0 15939
62 40 16109
62 0 16278
62 40 16446
62 0 16622
62 40 16791
62 0 16968
62 40 17128
62 0 17309
62 40 17493
62 0 17656
62 40 17831
62 0 17972
62 40 18180
62 0 18331
62 40 18524
62 0 18679
62 40 18863
62 0 19029
62 40 19202
62 0 19355
62 40 19549
62 0 19706
62 40 19894
62 0 20035
62 40 20229
62 0 20391
62 40 20567
62 0 20713
62 40 20918
62 0 21086
62 40 21259
62 0 21423
62 40 21610
62 0 21776
62 40 21963
62 0 22131
62 40 22301
62 0 22470
62 40 22648
62 0 22805
62 40 22988
62 0 23150
62 40 23337
62 0 23456
62 40 23670
62 0 23815
62 40 24015
62 0 24204
62 40 24345
62 0 24542
62 40 24711
62 0 24881
62 40 25072
62 0 25223
62 40 25408
62 0 25526
62 40 25741
62 0 25898
62 40 26067
62 0 26193
62 40 26424
62 0 26563
62 40 26754
62 0 26918
62 40 27107
62 0 27293
