50 40 0
57 40 338
50 0 383
48 40 658
57 0 692
53 40 983
48 0 1007
50 40 1166
53 0 1180
57 40 1483
50 0 1514
48 40 1787
57 0 1796
55 40 2091
55 0 2158
55 40 2254
48 0 2506
50 40 2637
55 0 2666
57 40 2960
50 0 2970
48 40 3252
57 0 3267
53 40 3583
48 0 3612
50 40 3763
53 0 3786
57 40 4070
50 0 4090
48 40 4384
57 0 4403
55 40 4690
55 0 4749
55 40 4850
48 0 5106
50 40 5193
55 0 5208
50 0 5523
57 40 5533
57 0 5816
48 40 5818
53 40 6144
48 0 6162
53 0 6298
50 40 6300
57 40 6713
50 0 6741
48 40 7008
57 0 7045
55 40 7292
55 0 7337
55 40 7427
48 0 7766
55 0 7773
50 40 7774
57 40 7782
53 40 8271
57 0 8275
52 40 9077
55 40 9079
50 0 9098
53 0 9112
55 0 9462
52 0 9482
52 40 9562
48 40 9567
48 0 9796
52 0 9798
48 40 9883
52 40 9887
48 0 9952
52 0 9955
48 40 10032
52 40 10037
48 0 10301
50 40 10425
52 0 10447
57 40 10725
50 0 10736
48 40 11042
57 0 11064
53 40 11358
48 0 11387
50 40 11529
53 0 11585
57 40 11850
50 0 11900
48 40 12155
57 0 12222
55 40 12481
55 0 12552
55 40 12655
48 0 12886
50 40 12993
55 0 13051
57 40 13298
50 0 13354
48 40 13600
57 0 13625
53 40 13949
48 0 13989
50 40 14117
53 0 14181
57 40 14469
50 0 14527
48 40 14794
57 0 14827
55 40 15098
55 0 15167
55 40 15243
50 40 15537
48 0 15556
57 40 15568
55 0 15583
53 40 16050
57 0 16083
55 40 16857
52 40 16864
50 0 16883
53 0 16886
55 0 17307
48 40 17325
93 40 17802
91 40 17812
93 0 17827
89 40 17831
88 40 17852
91 0 17857
86 40 17876
89 0 17883
84 40 17901
88 0 17911
83 40 17933
86 0 17939
81 40 17964
84 0 17968
83 0 17995
79 40 17997
81 0 18023
77 40 18027
79 0 18052
76 40 18060
48 0 18085
77 0 18095
74 40 18111
50 40 18169
52 0 18201
76 0 18204
57 40 18486
50 0 18498
48 40 18804
57 0 18815
72 40 18821
74 0 18838
53 40 19110
48 0 19130
74 40 19299
72 0 19314
50 40 19324
53 0 19334
57 40 19601
50 0 19647
72 40 19936
57 0 19939
48 40 19946
74 0 19957
55 40 20245
55 0 20323
55 40 20429
48 0 20628
74 40 20743
50 40 20747
55 0 20780
72 0 20796
57 40 21068
50 0 21099
48 40 21386
72 40 21399
57 0 21402
74 0 21416
53 40 21719
48 0 21722
74 40 21891
50 40 21902
72 0 21905
53 0 21913
57 40 22197
50 0 22206
72 40 22531
74 0 22539
48 40 22548
57 0 22561
55 40 22847
55 0 22914
55 40 23054
48 0 23281
74 40 23348
50 40 23358
72 0 23385
55 0 23387
57 40 23674
50 0 23708
48 40 23995
72 40 24002
57 0 24007
74 0 24008
53 40 24310
48 0 24325
74 40 24492
50 40 24496
53 0 24499
72 0 24502
57 40 24801
50 0 24820
72 40 25117
74 0 25130
48 40 25141
57 0 25144
55 40 25429
55 0 25513
55 40 25616
50 40 25930
74 40 25950
55 0 25953
57 40 25954
48 0 25967
72 0 25985
53 40 26427
57 0 26436
76 40 27238
74 0 27242
55 40 27243
52 40 27257
53 0 27270
50 0 27289
55 0 27623
52 0 27635
52 40 27710
48 40 27713
52 0 27927
48 0 27932
48 40 28022
52 40 28029
52 0 28109
48 0 28112
48 40 28208
52 40 28220
48 0 28406
52 0 28519
50 40 28533
74 40 28536
76 0 28561
57 40 28881
50 0 28896
48 40 29189
72 40 29194
74 0 29207
57 0 29219
53 40 29528
48 0 29536
72 0 29689
50 40 29695
74 40 29697
53 0 29706
57 40 30023
50 0 30043
72 40 30330
74 0 30363
48 40 30372
57 0 30388
55 40 30658
55 0 30730
55 40 30830
48 0 31052
50 40 31135
55 0 31157
74 40 31163
72 0 31196
57 40 31483
50 0 31523
48 40 31775
57 0 31803
72 40 31807
74 0 31820
53 40 32112
48 0 32136
50 40 32294
74 40 32307
53 0 32312
72 0 32335
57 40 32603
50 0 32631
48 40 32911
72 40 32932
57 0 32950
74 0 32951
55 40 33232
55 0 33299
55 40 33398
48 0 33609
74 40 33706
50 40 33720
72 0 33733
55 0 33758
57 40 34063
50 0 34104
48 40 34367
57 0 34383
72 40 34397
74 0 34413
53 40 34695
48 0 34720
74 40 34879
50 40 34897
53 0 34904
72 0 34910
57 40 35203
50 0 35267
72 40 35526
48 40 35529
74 0 35542
57 0 35543
55 40 35843
55 0 35911
55 40 36008
50 40 36319
74 40 36320
57 40 36324
48 0 36326
55 0 36333
72 0 36355
53 40 36840
57 0 36844
55 40 37625
76 40 37632
74 0 37649
52 40 37651
53 0 37670
50 0 37684
55 0 38007
52 0 38012
52 40 38117
48 40 38120
52 0 38321
48 0 38325
48 40 38418
52 40 38423
52 0 38500
48 0 38502
48 40 38594
52 40 38600
48 0 38796
52 0 38902
50 40 38915
74 40 38927
76 0 38952
57 40 39245
50 0 39260
48 40 39576
72 40 39592
57 0 39596
74 0 39600
53 40 39903
48 0 39928
74 40 40070
53 0 40082
50 40 40083
72 0 40086
57 40 40389
50 0 40421
57 0 40712
48 40 40719
72 40 40721
74 0 40739
55 40 41021
55 0 41094
55 40 41201
48 0 41434
50 40 41524
74 40 41529
55 0 41540
72 0 41565
57 40 41843
50 0 41876
48 40 42166
57 0 42174
72 40 42175
74 0 42186
53 40 42515
48 0 42533
53 0 42682
74 40 42683
50 40 42688
72 0 42698
57 40 43001
50 0 43032
48 40 43306
57 0 43315
72 40 43327
74 0 43347
55 40 43621
55 0 43685
55 40 43796
48 0 44006
50 40 44121
74 40 44136
55 0 44140
72 0 44161
57 40 44447
50 0 44464
48 40 44761
57 0 44774
72 40 44781
74 0 44798
53 40 45093
48 0 45103
74 40 45252
53 0 45257
72 0 45264
50 40 45270
57 40 45577
50 0 45597
48 40 45892
72 40 45905
57 0 45915
74 0 45925
55 40 46213
55 0 46285
55 40 46394
50 40 46702
55 0 46703
48 0 46707
57 40 46719
74 40 46726
72 0 46753
57 0 47219
53 40 47237
76 40 48025
53 0 48029
55 40 48034
52 40 48036
74 0 48041
50 0 48066
55 0 48401
52 0 48412
48 40 48524
52 40 48526
52 0 48728
48 0 48742
48 40 48825
52 40 48831
52 0 48912
48 0 48925
48 40 48998
52 40 49005
48 0 49123
52 0 49151
76 0 49183
50 40 49279
57 40 49287
77 40 49298
74 40 49302
74 0 49610
76 40 49629
72 40 49646
77 0 49650
76 0 49782
77 40 49785
74 40 49818
72 0 49824
74 0 50129
76 40 50137
72 40 50143
77 0 50164
76 0 50442
77 40 50460
74 40 50464
72 0 50477
74 0 50758
76 40 50759
72 40 50772
77 0 50775
76 0 51081
74 40 51085
77 40 51094
72 0 51107
74 0 51382
76 40 51390
77 0 51394
72 40 51411
76 0 51479
72 0 51550
74 40 51556
77 40 51559
74 0 51737
77 0 51749
50 0 51848
53 40 51853
60 40 51880
81 40 51885
77 40 51888
57 0 51933
77 0 52202
79 40 52223
76 40 52230
81 0 52238
79 0 52373
81 40 52381
76 0 52390
77 40 52401
77 0 52718
79 40 52728
76 40 52732
81 0 52744
79 0 53044
81 40 53054
77 40 53058
76 0 53079
77 0 53346
79 40 53364
76 40 53376
81 0 53380
79 0 53678
77 40 53688
81 40 53695
76 0 53709
77 0 53980
79 40 53992
81 0 54009
76 40 54021
79 0 54092
76 0 54151
77 40 54172
81 40 54176
77 0 54381
81 0 54399
81 40 54505
84 40 54508
57 40 54511
53 0 54513
64 40 54514
60 0 54554
81 0 54708
84 0 54710
84 40 54825
81 40 54828
81 0 55048
84 0 55054
83 40 55145
79 40 55148
79 0 55204
83 0 55206
83 40 55323
79 40 55326
79 0 55499
83 0 55509
84 40 55637
81 40 55640
81 0 56964
84 0 56965
84 40 57073
81 40 57077
81 0 57261
84 0 57265
84 40 57389
81 40 57393
81 0 57616
84 0 57619
83 40 57717
79 40 57720
83 0 57769
79 0 57771
79 40 57890
83 40 57894
79 0 58081
83 0 58106
81 40 58228
84 40 58231
84 0 59061
81 0 59082
91 40 59206
89 40 59225
88 40 59246
91 0 59250
86 40 59264
89 0 59270
84 40 59279
88 0 59288
83 40 59296
86 0 59305
81 40 59312
84 0 59321
79 40 59328
83 0 59334
77 40 59345
81 0 59350
76 40 59364
79 0 59367
77 0 59384
74 40 59386
76 0 59410
72 40 59418
64 0 59426
74 0 59449
72 0 59474
57 0 59481
50 40 59674
57 40 59680
77 40 59682
74 40 59686
74 0 60003
76 40 60020
72 40 60029
77 0 60032
76 0 60176
77 40 60188
74 40 60219
72 0 60227
74 0 60526
76 40 60529
72 40 60539
77 0 60564
74 40 60870
77 40 60878
76 0 60882
72 0 60892
74 0 61168
76 40 61185
72 40 61189
77 0 61214
76 0 61486
74 40 61489
72 0 61493
77 40 61505
74 0 61770
76 40 61805
72 40 61821
77 0 61825
76 0 61909
72 0 61951
74 40 61957
77 40 61967
74 0 62144
77 0 62164
53 40 62263
50 0 62268
60 40 62279
81 40 62282
77 40 62286
57 0 62325
77 0 62620
79 40 62642
76 40 62652
81 0 62656
81 40 62796
76 0 62803
77 40 62805
79 0 62819
77 0 63112
79 40 63118
76 40 63128
81 0 63147
77 40 63439
76 0 63452
81 40 63462
79 0 63465
77 0 63779
79 40 63790
76 40 63803
81 0 63807
79 0 64074
77 40 64087
76 0 64096
81 40 64102
77 0 64355
79 40 64378
81 0 64403
76 40 64413
79 0 64470
77 40 64530
76 0 64535
81 40 64556
77 0 64752
81 0 64772
57 40 64858
81 40 64873
84 40 64876
53 0 64879
64 40 64880
60 0 64913
83 40 65495
79 40 65504
81 0 65508
84 0 65518
81 40 65986
84 40 66002
79 0 66005
83 0 66007
81 0 67319
84 0 67321
84 40 67446
81 40 67449
81 0 67588
84 0 67590
84 40 67779
81 40 67783
81 0 67909
84 0 67939
83 40 68109
79 40 68114
79 0 68460
83 0 68484
84 40 68599
81 40 68603
81 0 69434
84 0 69444
89 40 69565
88 40 69608
89 0 69625
86 40 69629
84 40 69644
88 0 69647
83 40 69658
86 0 69662
81 40 69673
84 0 69676
83 0 69687
79 40 69688
81 0 69701
77 40 69703
79 0 69715
76 40 69722
77 0 69734
74 40 69744
64 0 69754
76 0 69762
57 0 69821
74 0 69823
50 40 70040
77 40 70050
74 40 70054
57 40 70061
59 40 70068
59 0 70107
74 0 70364
76 40 70378
72 40 70387
77 0 70393
72 0 70539
77 40 70546
74 40 70558
76 0 70582
74 0 70868
76 40 70879
72 40 70892
77 0 70895
76 0 71189
74 40 71212
77 40 71223
72 0 71230
74 0 71493
77 0 71505
76 40 71509
72 40 71519
76 0 71802
74 40 71809
72 0 71814
77 40 71824
74 0 72115
76 40 72152
72 40 72155
77 0 72162
76 0 72246
72 0 72308
74 40 72311
77 40 72326
74 0 72488
77 0 72509
50 0 72554
53 40 72576
60 40 72628
77 40 72648
81 40 72652
57 0 72688
53 0 72845
53 40 72850
77 0 72968
79 40 72990
81 0 72996
76 40 72998
79 0 73128
81 40 73132
76 0 73136
77 40 73156
77 0 73457
79 40 73473
76 40 73476
81 0 73503
77 40 73790
79 0 73795
81 40 73805
76 0 73813
77 0 74094
79 40 74114
76 40 74118
81 0 74123
79 0 74394
77 40 74424
81 40 74428
76 0 74432
77 0 74698
81 0 74746
79 40 74756
76 40 74767
79 0 74828
76 0 74864
77 40 74879
81 40 74890
77 0 75051
81 0 75063
57 40 75212
84 40 75217
53 0 75222
81 40 75223
64 40 75233
60 0 75282
83 40 75892
81 0 75895
79 40 75900
84 0 75908
81 40 76368
83 0 76380
84 40 76381
79 0 76390
84 0 77527
81 0 77529
81 40 77861
84 40 77863
81 0 77922
84 0 77923
84 40 78165
81 40 78168
81 0 78236
84 0 78240
83 40 78509
79 40 78512
79 0 78758
83 0 78782
84 40 78986
81 40 78994
84 0 79757
81 0 79834
81 40 79994
79 40 79999
79 0 80015
79 40 80133
81 0 80238
64 0 80301
77 40 80303
57 0 80362
79 0 80429
50 40 80454
74 40 80503
77 0 80522
81 40 82537
74 0 82565
79 40 82714
81 0 82760
76 40 82876
79 0 82896
74 40 83062
76 0 83081
50 0 84184
74 0 84195
77 40 84323
74 40 84326
50 40 84329
53 40 84331
53 0 84688
50 0 84716
74 0 84722
77 0 84728
52 40 84831
48 40 84833
72 40 84835
76 40 84838
48 0 85060
52 0 85066
72 0 85067
76 0 85073
48 40 85154
52 40 85160
76 40 85161
72 40 85165
72 0 85228
76 0 85235
52 0 85236
48 0 85242
48 40 85304
52 40 85306
72 40 85312
76 40 85317
52 0 85497
48 0 85505
72 0 85514
76 0 85559
72 40 85696
76 40 86060
72 0 86079
74 40 86937
76 0 86942
74 0 88292
